"@type","@id","@graph","label","source.@id","source.excerpts.0.@id","source.excerpts.0.value","source.excerpts.0.words.0","source.excerpts.0.words.1","source.excerpts.1.@id","source.excerpts.1.value","source.excerpts.1.words.0","source.excerpts.1.words.1","source.excerpts.1.words.2","source.excerpts.2.@id","source.excerpts.2.value","source.excerpts.2.words.0","source.excerpts.2.words.1","source.excerpts.2.words.2","source.excerpts.3.@id","source.excerpts.3.value","source.excerpts.3.words.0","source.excerpts.3.words.1","source.excerpts.3.words.2","source.excerpts.4.@id","source.excerpts.4.value","source.excerpts.4.words.0","source.excerpts.4.words.1","source.excerpts.5.@id","source.excerpts.5.value","source.excerpts.5.words.0","source.excerpts.5.words.1","source.excerpts.6.@id","source.excerpts.6.value","source.excerpts.6.words.0","source.excerpts.6.words.1","source.excerpts.6.words.2","source.excerpts.6.words.3","source.excerpts.7.@id","source.excerpts.7.value","source.excerpts.7.words.0","source.excerpts.7.words.1","source.excerpts.8.@id","source.excerpts.8.value","source.excerpts.8.words.0","source.excerpts.8.words.1","source.excerpts.8.words.2","source.excerpts.8.words.3","source.excerpts.9.@id","source.excerpts.9.value","source.excerpts.9.words.0","source.excerpts.9.words.1","source.excerpts.9.words.2","source.excerpts.9.words.3","source.excerpts.10.@id","source.excerpts.10.value","source.excerpts.10.words.0","source.excerpts.10.words.1","source.excerpts.10.words.2","source.excerpts.11.@id","source.excerpts.11.value","source.excerpts.11.words.0","source.excerpts.11.words.1","source.excerpts.12.@id","source.excerpts.12.value","source.excerpts.12.words.0","source.excerpts.12.words.1","source.excerpts.12.words.2","source.excerpts.12.words.3","source.excerpts.12.words.4","source.excerpts.12.words.5","source.excerpts.12.words.6","source.excerpts.13.@id","source.excerpts.13.value","source.excerpts.13.words.0","source.excerpts.13.words.1","source.excerpts.14.@id","source.excerpts.14.value","source.excerpts.14.words.0","source.excerpts.14.words.1","source.excerpts.14.words.2","source.excerpts.15.@id","source.excerpts.15.value","source.excerpts.15.words.0","source.excerpts.15.words.1","source.excerpts.15.words.2","source.excerpts.15.words.3","source.excerpts.15.words.4","source.excerpts.16.@id","source.excerpts.16.value","source.excerpts.16.words.0","source.excerpts.16.words.1","source.excerpts.16.words.2","source.excerpts.16.words.3","source.excerpts.16.words.4","source.excerpts.17.@id","source.excerpts.17.value","source.excerpts.17.words.0","source.excerpts.17.words.1","source.excerpts.18.@id","source.excerpts.18.value","source.excerpts.18.words.0","source.excerpts.18.words.1","source.excerpts.19.@id","source.excerpts.19.value","source.excerpts.19.words.0","source.excerpts.19.words.1","source.excerpts.19.words.2","source.excerpts.19.words.3","source.excerpts.20.@id","source.excerpts.20.value","source.excerpts.20.words.0","source.excerpts.20.words.1","source.excerpts.20.words.2","source.excerpts.20.words.3","source.excerpts.20.words.4","source.excerpts.20.words.5","source.excerpts.20.words.6","source.excerpts.20.words.7","source.excerpts.20.words.8","source.excerpts.20.words.9","source.excerpts.21.@id","source.excerpts.21.value","source.excerpts.21.words.0","source.excerpts.21.words.1","source.excerpts.21.words.2","source.excerpts.22.@id","source.excerpts.22.value","source.excerpts.22.words.0","source.excerpts.22.words.1","source.excerpts.22.words.2","source.excerpts.22.words.3","source.excerpts.22.words.4","source.excerpts.23.@id","source.excerpts.23.value","source.excerpts.23.words.0","source.excerpts.23.words.1","source.excerpts.23.words.2","source.excerpts.24.@id","source.excerpts.24.value","source.excerpts.24.words.0","source.excerpts.24.words.1","source.excerpts.25.@id","source.excerpts.25.value","source.excerpts.25.words.0","source.excerpts.25.words.1","source.excerpts.25.words.2","source.excerpts.25.words.3","source.excerpts.25.words.4","source.excerpts.26.@id","source.excerpts.26.value","source.excerpts.26.words.0","source.excerpts.26.words.1","source.excerpts.26.words.2","source.excerpts.27.@id","source.excerpts.27.value","source.excerpts.27.words.0","source.excerpts.27.words.1","source.excerpts.27.words.2","source.excerpts.28.@id","source.excerpts.28.value","source.excerpts.28.words.0","source.excerpts.28.words.1","source.excerpts.28.words.2","source.excerpts.29.@id","source.excerpts.29.value","source.excerpts.29.words.0","source.excerpts.29.words.1","source.excerpts.30.@id","source.excerpts.30.value","source.excerpts.30.words.0","source.excerpts.30.words.1","source.excerpts.31.@id","source.excerpts.31.value","source.excerpts.31.words.0","source.excerpts.31.words.1","source.excerpts.31.words.2","source.excerpts.31.words.3","source.excerpts.31.words.4","source.excerpts.32.@id","source.excerpts.32.value","source.excerpts.32.words","source.excerpts.33.@id","source.excerpts.33.value","source.excerpts.33.words.0","source.excerpts.33.words.1","source.excerpts.33.words.2","source.excerpts.34.@id","source.excerpts.34.value","source.excerpts.34.words.0","source.excerpts.34.words.1","source.excerpts.34.words.2","source.excerpts.34.words.3","source.excerpts.34.words.4","source.excerpts.34.words.5","source.excerpts.34.words.6","source.excerpts.34.words.7","source.excerpts.35.@id","source.excerpts.35.value","source.excerpts.35.words.0","source.excerpts.35.words.1","source.excerpts.36.@id","source.excerpts.36.value","source.excerpts.36.words.0","source.excerpts.36.words.1","source.excerpts.36.words.2","source.excerpts.36.words.3","source.excerpts.37.@id","source.excerpts.37.value","source.excerpts.37.words.0","source.excerpts.37.words.1","source.excerpts.37.words.2","source.excerpts.38.@id","source.excerpts.38.value","source.excerpts.38.words.0","source.excerpts.38.words.1","source.excerpts.38.words.2","source.excerpts.38.words.3","source.excerpts.38.words.4","source.excerpts.38.words.5","source.excerpts.38.words.6","source.excerpts.39.@id","source.excerpts.39.value","source.excerpts.39.words.0","source.excerpts.39.words.1","source.excerpts.40.@id","source.excerpts.40.value","source.excerpts.40.words.0","source.excerpts.40.words.1","source.excerpts.40.words.2","source.excerpts.40.words.3","source.excerpts.41.@id","source.excerpts.41.value","source.excerpts.41.words.0","source.excerpts.41.words.1","source.excerpts.41.words.2","source.author.0.@id","source.author.0.label","source.label","source.date","source.language","time.0.@id","time.0.label","time.0.begin","time.0.end","place.0.@id","place.0.label","relevantExcerpt","adjective"
"http://data.odeuropa.eu/ontology/L11_Smell","http://data.odeuropa.eu/smell/bf7b4161-e322-514c-a736-182bdb3e5f85","http://data.odeuropa.eu/british-library","smell","http://data.odeuropa.eu/source/ddda7a09-bc87-5442-ab6c-5be9adfd0d20","http://data.odeuropa.eu/source/ddda7a09-bc87-5442-ab6c-5be9adfd0d20/fragment/02309bdf-29b5-5725-a03c-7c2b4b73e317","Drowning our feelings in Cyprian Avine , curas edaces dissipat Ave laid us doAvn at an early hour to rest , Avhich , in spite of loss of dinner and other grievances , Ave should have soon enjoyed , had not the dogs , immediately after dark , come rushing in , to spend the livelong night in fighting over their supper , hoAA ' hng thanksgivings for their copious supply , and thus robbing us of seasonable sleep .The folloAving morning , Avhilst we were smoking our chibooks , Avith a vain hope of purifying the nauseous atmosphere Ave Avere doomed to breathe , a sprightly - looking gentleman marched up to the door of our miserable abode with an air of considerable considerable consequence , and , saluting us , made us aware that we Avere in the presence of the head officer of the quarantine - establishment of the great city of El - Kudsf Returning courteously his Ben avc commenced searching inquiries inquiries as to Avhether the Terra Santa establishments establishments Avere all as well regulated and in as comfortable a condition as that , the delights of 400 JERUSALEM .Avhich we Avere noAV partaking of ; and whether Avay - Avorn travellers were ahvays consigned to the jaws of ravenous dogs , and to the grand filthdepot filthdepot of the Holy City , when arrived Avithin her walls .","nauseous","atmosphere","http://data.odeuropa.eu/source/ddda7a09-bc87-5442-ab6c-5be9adfd0d20/fragment/103c67fa-d837-58e4-9c76-6351c43f0cca","— The Field of — Vale of Gihon .— Black fetid limestone .CHAPTER XXV .","limestone","fetid","Black fetid","http://data.odeuropa.eu/source/ddda7a09-bc87-5442-ab6c-5be9adfd0d20/fragment/19246284-6687-5def-9a93-875b177a096b","However , the Sheikh mounting his steed , diligently applied his shovel stirrups to his horse ' s ribs , and Avas off in search of a spring or well , Avhilst we , in order to 211 FAYOUM EXCURSION .allay our hunger , sat us doAvn and inhaled the fragrant Aveed .In the course of about half an hour our forager returned , and with a rueful countenance countenance delivered himself of the grievous intelligence intelligence that the Avell was dry AA ' hich the Bedouins had directed him to ; hoAvever , after a little melancholy melancholy rumination , a sudden thought seemed to strike him , and off he dashed again ; neither this time did he return empty - handed , but produced , Avith evident satisfaction and pride , about half a skinful of particularly muddy Avater .","fragrant","us","inhaled","http://data.odeuropa.eu/source/ddda7a09-bc87-5442-ab6c-5be9adfd0d20/fragment/199f090f-6c76-5124-b66e-eea39c099280","Number of establishments for the hatching of fowls ' eggs in the present year 105 59 Number of eggs used 19 , 325 , 600 6 , 878 , 900 Number spoiled 6 , 255 , 867 2 , 529 , 660 Number hatched 13 , 069 , 733 4 , 349 , 2 - 10 One of the attendants of this establishment told me AA ' hat number had been hatched last year : I neglected neglected hoAvever to note the statement , but I think it Avas not much above eleven thousand .It is an unpleasant institution to examine , full of dried dung - cakes for fuel , and little vaulted chambers of disagreeable atmosphere ; nevertheless Ave crawled into several of these , in spite of smell and vermin .The evening of this day , the 24th of February , found us once more seated on the divan in the great dining saloon of the hotel at Cairo , this little excursion excursion having engaged us eleven days .","smell","vermin","dried dung - cakes","http://data.odeuropa.eu/source/ddda7a09-bc87-5442-ab6c-5be9adfd0d20/fragment/1a62ed9d-d3ae-5300-a54c-6986e52f47d5","* This kind of girdle is formed of many slips of leather , one placed over the other , so as to afford places for pistols , knives , or Avhatever the Avearer may deem it expedient to insert of that nature .Moreover , between it and your body may be found a convenient place to stow away one of those highly - ornamented little bags Avhich , filled with the fragrant weed of Syrian Ladikia , proves so constant a companion of the Oriental and also of the Frank traveller in general very soon after his arrival in the East .Upon my feet I wore slippers of red morocco , light , easy , and cool , Avhilst across my shoulders was slung my double - barrelled Manton , for the name engraved upon it so entitled it to be called after that renowned fabricator of small arms , though , perhaps , from the circumstance of my having purchased it at Siena , in Tuscany , for the sum of six pounds , it might be inferred bysome bysome that this was a forgery ; to me , however , it proved as useful as the most hopeful Manton , Purdy , Nock , or Egg of gorgeous build .","fragrant","weed of Syrian Ladikia","http://data.odeuropa.eu/source/ddda7a09-bc87-5442-ab6c-5be9adfd0d20/fragment/1fedf476-3034-5076-af8e-0ea33b23623e","Davison , formerly our Consul at Cairo , and afterwards by the untiring perseverance of Mr .Caviglia , whose spirited researches turned to ridicule the army of savans folloAving in the wake of the modern Cambyses , Cambyses , whose lungs could ill sustain the close atmosphere reeking with the voidings of bats , 167 FAYOUM EXCURSION .and AA ' hose hearts quaked Avithin them when la lumiere etait pale et la respiration plus Chattering Bedouins aAvoke us by day - break , and looking forth from the tent , I saw a party squatting in a ring , evidently holding an exciting argument , a Avarm debate .","reeking","with the voidings of bats","http://data.odeuropa.eu/source/ddda7a09-bc87-5442-ab6c-5be9adfd0d20/fragment/21090e1a-7be0-5782-be80-cf0d41f65281","I Avas told at Fayoum that there are a great many fish in this lake of Keroun , but they did not say much in praise of their quality .The common people here , according to Pococke , have strong traditions about Keroun , and say he was a King , and had keys to his treasures that loaded tAvo hundred Apart from my companions , after a sharp campaign campaign against the Avild - foAvl , I sat doAvn on the borders of the lake , and munching a piece of dirty Arab bread by way of lunch , struck the spurs into the wild steed Imagination giving her full rein , forth she dashed through the province of Arsinoe , midst fair pastures of the days of Mœris , snuffing the air laden Avith the perfumes of spring , exhaling from the richest portion of the land of Egypt , ' the valley of all others the most beautiful , the productions productions of which were the most rare and luxurious ! Suddenly I pulled her up Avith a transit gloria mundi kind of check , and leaping on my feet fired both barrels of my trusty foAvling - piece into a flock of whistling avosets far over head , and of this most elegant and curious bird , I brought doAvn tAvo , one of AAdiich is uoav in a cabinet in England , and the other we had next morning fried .Such birds are not at all unpleasant food , though in my oAvn country they Avould be throAvn 219 FAYOUM EXCURSION .","the air","perfumes","snuffing","of spring","http://data.odeuropa.eu/source/ddda7a09-bc87-5442-ab6c-5be9adfd0d20/fragment/215b1530-b0b9-5bf0-be22-68b0ff94ee56","RETURN TO JERUSALEM .525 it winds through the plains of El - Ghor * to pour its copious flood into the Dead Sea ; thus , after a course of above a hundred miles , mingling the crystal Avaters of the cave Paneion , of Merom , and Genezareth , with the fetid flood of that sulphureous sulphureous lake that covers the Vale of Siddim and the Cities of the As the traveller contemplating the plains and valleys traversed by this consecrated stream , meditates upon its Avinding flood , what scenes of passing wonder crowd before his imagination , imagination , each as it shifts giving place to one as marvellous marvellous and full of miracle ! Scanning the sibylleaA - es sibylleaA - es of the mysteries of time , he finds each page as it unfolds before him ( embracing together a period of above fourteen hundred years ) , fraught with wonders connected Avith Jordan ' s shores and flood .Three thousand years have passed since that sun rose to run its course Avhich saAv hoAv the feet of the priests that bare the ark of God , dipped in the of the Avaters , caused its stream to fail and be cut off , so that forty thousand , prepared for trod upon dry ground in the midst of Jordan , as they passed over to do battle before the Lord upon the plains of Jericho .","fetid","flood of that sulphureous sulphureous lake","http://data.odeuropa.eu/source/ddda7a09-bc87-5442-ab6c-5be9adfd0d20/fragment/37ba6c4e-60d5-50f8-ae36-5c27e0f1ac97","Right glad Avas I , once more to breathe fresh air , for Avhat with excess of exertion , and the penetrating penetrating dust imbibed , blood was issuing from my nose , and I was nearly choked .Those Avho have not entered the smaller passages in the Pyramids , cannot form an idea of the wonderful perseverance , perseverance , labour , and determination , that such men as Belzoni , Davison , Caviglia , and Salt evinced , in working day after day , month after month , in such horrible dungeons , Avhere an intolerable heat and dust , render breathing exceedingly painful ; and where the reeking of bats ' ordure , with which in many parts the surface is covered several inches thick , makes the process of Avinding along on one ' s face very unpleasant .Abd Allatif speaks of the entering these Pyramids as an act of great boldness , and only undertaken by those excited 173 FAYOUM EXCURSION .","reeking","intolerable","of bats ' ordure","render breathing exceedingly painful","http://data.odeuropa.eu/source/ddda7a09-bc87-5442-ab6c-5be9adfd0d20/fragment/37c8b435-93b6-544a-a9f5-5ac429b88c59","A low Avail of rough stones surrounded this place , and in one corner was a portion of Avhat was once a mosque , the old 398 JERUSALEM .Avooden door of which , being opened by our conductor , conductor , a damp and musty smell issued forth , as if it were full of dead men ' s bones .Entering , Ave found a chamber of some thirty feet square , with a domed ceiling and walls which had originally been white , but uoav were green , whilst the floor Avas nothing more than the bare earth covered with vermin and dirt .","smell","musty","damp","as if it were full of dead men ' s bones","http://data.odeuropa.eu/source/ddda7a09-bc87-5442-ab6c-5be9adfd0d20/fragment/3914fcec-416a-5c1d-8b67-4720d3623e53","— Englishman robbed and wounded by Arabs .— Black Fetid Limestone .— Plains of Jericho .","Fetid","Limestone","— Black","http://data.odeuropa.eu/source/ddda7a09-bc87-5442-ab6c-5be9adfd0d20/fragment/3ed26200-8fe4-53e9-a9d0-b5a30ba66b9c","Perhaps it may be presumed , from this mode of seeking its prey , that this bird does not possess that extraordinary extraordinary poAver of vision Avhich many other hawks are knoAvn to possess ; and therefore 70 ATHENS .depends more on the poAver of scenting its prey .Halting at a little shed in this defile , we refreshed ourselves Avith aniseed and Avater .","scenting","its","http://data.odeuropa.eu/source/ddda7a09-bc87-5442-ab6c-5be9adfd0d20/fragment/3f940d6f-1d4d-5659-b923-94471935d98c","The popidation of Medinet el Fayoum amounts to about four thousand souls , Ave were told ; and , besides mosques , the city contains several Coptic churches .We found its streets narroAv , winding , and dirty , the houses built chiefly of mud bricks , baked in the sun , and its atmosphere loaded Avith all perfumes but agreeable ones ; as for the rose - water for Avhich this place is so famed , we could neither find any by scent or inquiry .Passing through the city , and traversing its chief bazaars , which seemed very mean and poorly stocked with commodities , we went out to the north , and exa - mined the site of the ancient city of Arsinoe , of Avhich nothing uoav appears but a series of hills , composed entirely of pottery , dust , vitrified sub - stance showing the action of fire , and quantities of the blue antique pottery , before mentioned as 230 FAYOUM EXCURSION .","agreeable","scent","perfumes","we","We","its atmosphere","the rose - water","http://data.odeuropa.eu/source/ddda7a09-bc87-5442-ab6c-5be9adfd0d20/fragment/3fd89132-80b8-56be-8432-ffabb6ca626e","Well I remember one night , when encamped amongst the magnificent remains of the Temple of the Sun , at Baalbec , the Heliopolis of old , D D 402 JERUSALEM .having so arranged the cords of my tent - door as to entangle any nocturnal intruder , my slumbers Avere broken in upon in the dead hour of night by a mysterious snuffing and short breathing near the knapsack which formed my pilloAV .Starting up and seizing my pistols , I saAv one of my canine enemies , a huge shaggy felloAV , breaking cover , but in his haste to escape becoming entangled by the leg in my trap of tent - cords , Avhere he Avould certainly have been sacrificed had not a friend ' s tent , exactly opposite , prevented me from firing at him until he had disengaged himself and run so far that the certainty of the shot Avas spoilt , the bullet merely administering a severe graze upon his hinder quarters , quarters , as a slight memento of thc failure of his robberscheme , robberscheme , and the consequent loss of his supper , Avhich in the shape of half a cold chicken , he dropped in his contest with the tent - ropes .","snuffing","mysterious","http://data.odeuropa.eu/source/ddda7a09-bc87-5442-ab6c-5be9adfd0d20/fragment/550e4813-2718-5436-bd5f-e4e52b8176e9","— The Field of — Vale of Gihon .— Black fetid limestone .The aspect of the Holy City from the spot where first we greeted her is striking , but melancholy , melancholy , not beautiful , not presenting a magnificent assemblage of domes , towers , palaces , churches , and Dr .","limestone","fetid","Black fetid","http://data.odeuropa.eu/source/ddda7a09-bc87-5442-ab6c-5be9adfd0d20/fragment/66bcab8f-d97b-59d7-b217-b26cbc8ac09a","129 CAIRO The villages on the way to Heliopolis , were redolent with the most offensive smell , being encircled encircled with dead cattle ; buffaloes and cows .In fact , the whole atmosphere of lower Egypt at this time was infected with the exhalations of putrid carcases , for a very grievous murrain was upon the cattle .Hundreds were seized day after day , and died in awful agonies ; indeed it might be said that the cattle of Egypt Cultivation was put a stop to ; lands lay arid and bare that should have been clothed with the rich verdure of spring ; not the sound of a water - wheel was to be heard ; for where were the oxen to turn them 1 hardly one was to be found in the land of Egypt , and irrigation was consequently at a stand - still .","putrid","exhalations","the whole atmosphere","putrid carcases","of putrid","http://data.odeuropa.eu/source/ddda7a09-bc87-5442-ab6c-5be9adfd0d20/fragment/6c36c56b-0070-5186-993d-35ed7fcbc906","Leaving , therefore , the dull convent and the deep but noAV dry bed of the Kedron behind us , AA ' e pursued our course over a still rugged and desolate country to the mountain of Neby Musa , the range of AA ' hich founds its eastern base upon the north - Avestern shore of the Dead Sea , near a fountain , the Avaters of AA ' hich are reported to be copious , but not of the sweetest quality , and , moreover , of a warm temperature , as is the case AA ' ith almost all the waters of the springs in the volcanic neighbourhood of the Dead Sea .Whilst traversing this mountainous district , Ave observed masses of the black fetid limestone Avhich has obtained the inelegant name of stink from the German appellation stinkstein , and which I have before mentioned as worked into cups and amulets .On the ascent of Neby Musa , picking up a good specimen , I preserved it .","limestone","fetid","stink","black fetid","stinkstein","http://data.odeuropa.eu/source/ddda7a09-bc87-5442-ab6c-5be9adfd0d20/fragment/75648f4e-7772-57bf-8e25-81db8f6e2a7a","The enthusiasm of the age soon begat another choice spirit ; Bernard of Clairval started forth to preach the cross ; emperors , kings , and queens arrayed themselves for Palestine : but how miserable the issue ! Louis the Seventh and his queen , with Conrad the Third of Germany , returned returned to find their kingdoms destitute of troops and treasure , for Asia had SAvaUoAved up both , 424 JERUSALEM .and the sAvord of the Mahomedan reeked AAith Christian blood .An Infidel , the offspring of a loAvly Curd Avho fed his flocks beyond the Tigris , * noAV cut his way through the disheartened Christian hosts to the gates of the Holy Sepulchre .","reeked","the sAvord","http://data.odeuropa.eu/source/ddda7a09-bc87-5442-ab6c-5be9adfd0d20/fragment/77512f2e-ab05-5521-ad84-34886778fd4e","had made no provision for so doing , and some of the party were limited as to time : therefore , Ave turned our backs upon the flood , vieAved Avith horror and mysterious aAve by the Avild race of men who inhabit its stern and rugged shores ; and , Avith considerable regret , from of En - gedi I bestoAved my fareAvell gaze upon that country once held by the inhabitants of Sodom and Gomorrah , Avhose land lieth in clods of pitch and heaps of Meditation , having thrust aside the veil of ages , yielded Avith reluctance to stern necessity , forbidding her to revel amidst the palm and balsam - groves shadoAving the fair cities Avhich she beheld reflecting their magnificence magnificence in the waters of a bright lake adorning that fertde vaUey , f over Avhich the pleading patriarch had doubtless often gazed with delight , before the flood - gates of Heaven ' s AA ' rath poured forth the tempest of fire and brimstone upon the guilty cities of the plain .Now is that vale submerged submerged by the heavy flood of a fetid sea of bitumen and bitter salt , where the SAveet waters of the Jordan before expanded , begetting begetting luxuries even from Jericho to Zoar in Arabia ; for was it not of old a most happy land , * 2 Esdras ii .8 , 9 .","fetid","sea of bitumen and bitter salt","http://data.odeuropa.eu/source/ddda7a09-bc87-5442-ab6c-5be9adfd0d20/fragment/8498f1c0-f309-5e74-b0f0-801dea12a9da","Ave were standing near the southern gate of Tamieh , surrounded on all sides by defiling dogs , barking in furious anger at so unexpected an irruption upon them , at that unseasonable unseasonable hour of the night .A very unpleasant odour corrupted the atmosphere , which we could not at the time exactly account for ; but striking a light we pitched the tents , and getting a scanty mouthful of maccaroni for supper , and some tea , our appetites a little allayed , and someAvhat refreshed , refreshed , we retired to our mats .Our miserable donkeys threAv themselves on the ground the moment Ave took their saddles off , and lay stretched out as in utter despair of ever again beholding Cairo , the City of Delight .","odour","the atmosphere","we","very unpleasant","http://data.odeuropa.eu/source/ddda7a09-bc87-5442-ab6c-5be9adfd0d20/fragment/84f32d7d-fa47-52a2-9dff-66b20b3ccf6b","Returning by the palace and gardens of Shubra , where the Pasha delights to reside at times , I entered .It is indeed a spot of delight ; citrons and limes , spice trees and pomegranates , overshadow fountains jetting the most crystal water into basins of the finest marble , whilst roses of the greatest beauty and the most exquisite fragrance , mingle their perfume with that of the orange .Within a richly ornamented kiosk , encircled encircled with a marble arcade , into which open little chambers furnished with luxurious divans and paintings of exquisite art , is a large basin of costly stone , where the sultanas , ( fairest daughters of 133 CAIRO Circassia and Georgia , ) sport at times in little skiffs .","perfume","roses","fragrance","the most exquisite","citrons","pomegranates","limes","of the orange","of the greatest","spice trees","http://data.odeuropa.eu/source/ddda7a09-bc87-5442-ab6c-5be9adfd0d20/fragment/88d09bd4-2b29-5fc8-b32b-5f6e9bdd78e6","Gaunt broAvn fellahs half unclad ; women Avrapped up in scanty unAvashed garments , with their faces daubed as it were with curious devices in blue paint , and naked children , black Avith flies , ambling by their sides , choked the narroAV ways .The atmosphere Avas redolent with fumes of the croAvded populace , and long trains of heavily burthened camels sAvinging by , threatened immediate immediate dissolution both to ourselves and donkeys , by crushing us against the Avails .Of little avail was the hoarse cry of the camel - driver , O ' a ! Oa ! Avhen there was neither room on one side or the other to profit by it .","fumes","of","The atmosphere","http://data.odeuropa.eu/source/ddda7a09-bc87-5442-ab6c-5be9adfd0d20/fragment/974fb983-f360-516e-826a-2656cfe3d42b","266 JOURNEY FROM CAIRO TO SUEZ .Several of the desert plants these animals will not touch ; for instance , the strong - scented henbane which I have mentioned as groAving around Cairo , they always avoid Avith great repugnance : but a kind of worniAvood most poAverfully fragrant , and of a very pleasant bitter , they crop Avith the greatest avidity .When , after the encampment , they have thus roamed about for an hour or tAvo , their masters call them around them , and , lying down in a circle , each receives its allowance of beans , and most of them remain quiet at their station all the night .","fragrant","scented","strong - scented","henbane","around Cairo","http://data.odeuropa.eu/source/ddda7a09-bc87-5442-ab6c-5be9adfd0d20/fragment/a38755ba-741d-5bbd-97df-332c703c239a","And a very pleasant excursion it is , and for many reasons Avell Avorth taking , although the lustrous City of the Crocodiles is but a heap of dust and rubbish ; the wondrous Labyrinth has disappeared ; and the Lake of Mœris ( if Birket el Keroun denotes its site ) is sorely dAAindled ; Avhilst its island Pyramids , each topped AAith its stone Colossus proudly throned six hundred feet or more aloft in air , are altogether sunk and gone ; and although the treasures of the 248 FAYOUM EXCURSION .fertile soil of this famed valley are no longer drawn forth , as of old , by industrious hands gathering its abundance for their own benefit , but go to feed avarice , whilst the labourer starves , and disgusted , leaA - es his field a prey to Lybian sands ! Neither will the traveller within this once so excellently favoured region find so great an allowance of the parfums de la rose , meles aux suaves emanations de la fleur d ' orange & # 34 ; as the romantic Savary leads him to expect ; for the manufacture both of rose - Avater and orange floAver Avater has considerably decreased of late years at Fayoum , and rose thickets and orange groves have consequently diminished .* lac de Birquet - el - Kerun , qui est le lac Mœris de Strabon et de Ptolemee , ne peut jamais etre regarde que comme l ' ouvrage de la — Denon .","the traveller","parfums","de la rose","http://data.odeuropa.eu/source/ddda7a09-bc87-5442-ab6c-5be9adfd0d20/fragment/a7ba812c-7dfc-5dc1-9e64-127a9f8ee152","On the ascent of Neby Musa , picking up a good specimen , I preserved it .The outer coat being Avhitish , you do not observe its nature until it is broken : then its substance proA ' es black , and , upon friction , a strong smell is emitted .Dr .","strong","smell","http://data.odeuropa.eu/source/ddda7a09-bc87-5442-ab6c-5be9adfd0d20/fragment/b2abeb4f-f5dd-56bc-9bea-b611bbe5f9eb","There is a good deal of Nomadic etiquette to be acquired by custom .Thus , before risiting a neighbour ' s tent , you should send a forerunner to announce your intention to him , and upon entering the tent , the slippers should be thrown off and left at the door , where there should be a mat for yrou to place them on ; Avhen seated , the proprietor , if he Avishes to be thought polite , claps his hands , and immediately you Avill find yourself inhaling the perfume of Ladikia or 184 FAYOUM EXCURSION .Tombac , Avhilst a cup of fine Mocha invites you by its fragrance to sip it .","perfume","yourself","184 FAYOUM EXCURSION","of Ladikia","you Avill","http://data.odeuropa.eu/source/ddda7a09-bc87-5442-ab6c-5be9adfd0d20/fragment/bb6431c2-da8a-543b-b349-be9473a06c98","Moreover , Moreover , I strongly suspect that the venerable inmates of the convent , devoured by ennui , make a pastime 332 SINAI of marking up hieroglyphics , and passing them off as the works of devout pilgrims of ancient date .An idle brain is the devil ' s and the musty smell exuding from the conA ' ent library said little for the literary studies of the holy fathers .Not far from the rock of Moses is a garden Avith olive and other fruit - trees , amongst which , in days of old , a certain St .","smell","musty","from the conA ' ent library","http://data.odeuropa.eu/source/ddda7a09-bc87-5442-ab6c-5be9adfd0d20/fragment/bc213311-189a-53da-a330-4f493c955a9a","From Avhat we had seen of the land and its inhabitants during this short excursion , Ave could but cry , Hoav has the usurping brother of the good Osiris too Avell succeeded in effacing all traces of civilization ! Typhon , in thc form of barbarism , Avithout question still sAvays his sceptre over Egypt .We had marked choked up canals , ruined embankments , uncultivated AArastes , Avhere a little industry might gather the richest crops ; tracts of sand , where a little science and attention might have kept the desert within its limits ; cities , once encircled AAith flocks and herds , once croAvded with the polished subjects of Osiris , noAv half buried in barren sands , shapeless ruins ; the cunning jackal and the fierce hyæna their only inhabitants ! And as to the population of those portions of the country which Nature forbids to become desert , ever distributing fertility over the surface by the annual fattening floods of her great river forming rich beds for vegetation , which require merely scattering of seed to become a garden , there Ave beheld men , Avomen , and children , often naked , and ahvays bedaubed Avitli colours and tattooed , either spraAvling in idleness , amongst wigAvams of mud of the most barbarous construction , and reeking with dirt and vermin , or , perhaps , males and females SAveltering in the sun in gangs , Avith a Government OA ^ erseer , armed Avith a hippopotamus hide Avhip , urging them to labour with tools that the most primitive savages 251 FAYOUM EXCURSION .might smile at .","reeking","vermin","with dirt","http://data.odeuropa.eu/source/ddda7a09-bc87-5442-ab6c-5be9adfd0d20/fragment/bda20527-367d-5350-915c-f2579d786c2f","— Englishman robbed and wounded by Arabs .— Black fetid limestone .— Plains of Jericho .","limestone","fetid","Black fetid","http://data.odeuropa.eu/source/ddda7a09-bc87-5442-ab6c-5be9adfd0d20/fragment/bdcaa851-602a-5761-ae75-ef1ee8e3ee66","Within its Avails are also grottoes cut in the cliff , one or two of Avhich , it seemed to me , could not be attained Avithout ropes .Here , ever and anon , a holy brother , impatient even of the little world within the convent walls , retires , to seek a deeper solitude and repose , to propitiate his Deity with a sacrifice of Moody and dull melancholy , Kinsman to grim and comfortless then die like a wild beast in a hole in the rock , but — in the odour of sanctity ! We had a much better breakfast spread before us in the morning than we had a supper over night , the monks producing some good bread - cakes , and a fat hen , which made a very good fricasee .Moreover , Moreover , one of the party , after breakfast , came running in AAith something doubled up in his handkerchief Avhich he proclaimed a cray - fish ! thus causing A ' isions of a second course of luxuries to rise before us ; but , alas ! AA ' hen he unfolded his treasure , forth rushed a huge Avhite scorpion , with his tail 495 EXCURSION TO THE DEAD SEA .","odour","of sanctity","http://data.odeuropa.eu/source/ddda7a09-bc87-5442-ab6c-5be9adfd0d20/fragment/c2c1cca1-501f-5896-a947-0ca5ca062294","Avhich we Avere noAV partaking of ; and whether Avay - Avorn travellers were ahvays consigned to the jaws of ravenous dogs , and to the grand filthdepot filthdepot of the Holy City , when arrived Avithin her walls .He assured us , that , he felt very acutely and deeply regretted our unenviable situation , but that he could not possibly assist us , ardent as Avas his affection for all Europeans , especially for ourselves ! Having delivered himself of this with much feeling , we sat the great man down upon an old travellingtrunk , travellingtrunk , and insinuated between his lips the amberheaded amberheaded mouth - piece of a pipe avcII filled Avith the fragrant weed of Ladikie : then , opening upon him a fresh battery , we hinted that it might be Avorth his Avhile to alloAv us to pass our time of purification in some more Avholesome spot , and that , perhaps , the Latin Convent of St .Salvador Avould afford us a room Avithin its precincts to spend a nominal quarantine .","fragrant","weed of Ladikie","http://data.odeuropa.eu/source/ddda7a09-bc87-5442-ab6c-5be9adfd0d20/fragment/cd2533ac-7792-5fbf-8963-d178617ba4d4","An uglier specimen of human kind I never met with ; and if the tongue in which he spoke was Nubian , it is not an enchanting language by any means .129 CAIRO The villages on the way to Heliopolis , were redolent with the most offensive smell , being encircled encircled with dead cattle ; buffaloes and cows .In fact , the whole atmosphere of lower Egypt at this time was infected with the exhalations of putrid carcases , for a very grievous murrain was upon the cattle .","cows","smell","the most offensive","buffaloes","The villages","http://data.odeuropa.eu/source/ddda7a09-bc87-5442-ab6c-5be9adfd0d20/fragment/d2d97373-3824-5d90-b149-03d2eb14f3a0","Seating myself upon a fragment of rock , whilst meditating upon our peculiar and exciting situation , situation , Milton ' s beautiful description rose to my mind : — Now is thc pleasant time , The cool , thc silent , save where silence yields To the night - warbling bird , that now awake , Tunes sweetest his love - labour ' d song ; now reigns Full orbed the moon , and with more pleasing light , Shadowy sets off thc face of But the falling dew , and the expiring ashes of Ladikie hi the boAvl of my chibook , soon warned me to seek my mat , far more inclined to be pleased with the scenery of the hill country of Judæa than with its inhabitants .The caroling of birds and the perfumed air reminded us the foUoAving morning that Ave had left the rude sublimity of the desert , Avith its boundless views and death - like sdence , for a country Avhere the soul , ever seeking variety , might 391 SINAI TO JERUSALEM .feast with rcneAA ' ed delight upon scenery beautiful and pleasing , the eye gladly yielding the liberty of an unlimited range for the pleasure of sporting midst the delightful colours and refreshing verdure of a more confined landscape , enlivened by the music of birds , and fragrant with the scent of floAvers .","perfumed","http://data.odeuropa.eu/source/ddda7a09-bc87-5442-ab6c-5be9adfd0d20/fragment/d5f36bdc-b05a-53dc-a580-89b1362cadaa","The caroling of birds and the perfumed air reminded us the foUoAving morning that Ave had left the rude sublimity of the desert , Avith its boundless views and death - like sdence , for a country Avhere the soul , ever seeking variety , might 391 SINAI TO JERUSALEM .feast with rcneAA ' ed delight upon scenery beautiful and pleasing , the eye gladly yielding the liberty of an unlimited range for the pleasure of sporting midst the delightful colours and refreshing verdure of a more confined landscape , enlivened by the music of birds , and fragrant with the scent of floAvers .Rising with the sun , I wandered about the mountain slopes , revelling in the novelty of the scene , and diving into groves of arbutus and other evergreens , watching and listening to the numerous warblers haunting them .","fragrant","scent","of floAvers","http://data.odeuropa.eu/source/ddda7a09-bc87-5442-ab6c-5be9adfd0d20/fragment/e2aee718-12ac-57f0-bd99-902699cd9aa7","These ornaments are of divers colours , but originally Avhite , being cut from a glutinous substance forming the interior of the fruit of a species of palm , Avhich , when exposed to the air , hardens , and stained of a chosen colour by the maker of the beads , Avhich are strung in rosaries for the Moslem , composed of ninety - nine beads to ansAver to their ninety - nine attributes of the Deity .By far the most curious things in the collection offered us Avere crosses , cups , and amulets , cut out of the black fetid limestone limestone from the neighbourhood of the Dead Sea , Avhich upon friction sends forth a strong unpleasant smell , OAving , it is said , to the presence of sulphurated hydrogen .Amulets of this same substance are stated to have been discovered in the pyramids of Sachara in Egypt : and , being considered exceUent 416 JERUSALEM .","fetid","smell","cups","strong unpleasant","crosses","amulets","limestone limestone","from the neighbourhood of the Dead Sea","http://data.odeuropa.eu/source/ddda7a09-bc87-5442-ab6c-5be9adfd0d20/fragment/e4c46944-d61c-55d3-8acf-a84ced95cf5e","We afterwards adjourned to what Ave supposed to be the Casino Nobile ; a Avondrous mean one it is ; a feAV broken seats , a considerable number of Syros loungers , dirty as the room , shrouded in tobacco smoke ; and pipes innumerable , from the chibouk to the nargdeh , were its chief ornaments .In a recess at the end 80 ATHENS TO of the room was a vender of sweetmeats and the fragrant Aveed , who also did duty as pipe - cleaner .Unpleasant abode as this was , Ave deemed it preferable preferable to the streets or the ship ; the former , indeed , were undergoing vriiat they evidently very much wanted — a good washing — for a perfect cataract of Avater Avas rushing through them .","fragrant","Aveed","http://data.odeuropa.eu/source/ddda7a09-bc87-5442-ab6c-5be9adfd0d20/fragment/ef79d544-1214-5151-ac26-58c2bad8d17d",", the thymus serpyllum , salina pomifera , and salvia verbascum : all of Avhich abound on Pausanias , Avhen he tells us that the Hymettian bees are surpassed by the Halizonian bees , surely refers alone to the amiability of the latter , Avhich are so gentle 41 ATHENS .that they Avill go foraging along with The honey of the Halizonian bee cannot be superior to that of the industrious inhabitants of Hymettus , the flavour of which is indeed a delightful perfume ! Strolling forth from the hotel , our first object Avas the Temple of Jupiter Olympus , the magnificent remains of AAdiich stand on the north border of the Ilissus , not far from the supposed site of the Lyceum , and south - east of the Acropolis .The stream of the Ilissus no longer bubbles forth from its fountain in Hymettus to pursue its rippling course to the Piræus ; for rocks , rubble , and rubbish noAV choke its bed .","perfume","delightful","which","the flavour","http://data.odeuropa.eu/source/ddda7a09-bc87-5442-ab6c-5be9adfd0d20/fragment/f26958bc-ed87-5012-97a5-6321844ff541","Thus , before risiting a neighbour ' s tent , you should send a forerunner to announce your intention to him , and upon entering the tent , the slippers should be thrown off and left at the door , where there should be a mat for yrou to place them on ; Avhen seated , the proprietor , if he Avishes to be thought polite , claps his hands , and immediately you Avill find yourself inhaling the perfume of Ladikia or 184 FAYOUM EXCURSION .Tombac , Avhilst a cup of fine Mocha invites you by its fragrance to sip it .Taking my gun in the evening , I strolled doAvn to the piece of Avater beloAv the encampment , in order to obtain a shot , if possible , at a pelican , but failed ; neither could I get Avithin shot of any of the thousand wild ducks which rose in circling clouds , with a whirring clamour quite sufficient to Avarn all pelicans for many miles round that au enemy Avas on the move .","you","fragrance","its","http://data.odeuropa.eu/source/ddda7a09-bc87-5442-ab6c-5be9adfd0d20/fragment/fa41ed18-6c3e-5611-b370-16cdd947aaa2","' & # 34 ; Throwing some small coin amongst them in order to divert the attack , at last I made my escape , followed by a handful or two of gravel at my head , as a parting benediction , and snarling cowardly curs at my heels as an escort .No one who has not entered an Egyptian village , can imagine the peculiarly stifling smell to be found there , proceeding from the unwashed state of the inhabitants , the accumulation of dirt , and the collections of cakes for fuel , stuck on the walls to dry in the sun , composed of camels ' , buffaloes ' , asses ' , or mules ' dung mixed with chopped straw ; for the scarcity of wood compels them to use this redolent fuel , the sight of which brought to my memory that remarkable passage in the book of the Prophet Ezekiel , which called from the pen of the scoffing Infidel , Voltaire , a soundless flood of ridicule , under the head , De quelques passages singuliers de ce prophete , et de quelques usages In all Oriental countries the natives are in many parts compelled to use this fuel , and in some are even driven to bake their bread with that more defiling composition , referred to in Ezekiel merely as a type of the miserable destitution threatened to overtake the children of Israel for their iniquities .Numerous djerms , with their enormous sails , 108 ALEXANDRIA TO CAIRO .","smell","dung","mules","the accumulation of dirt","peculiarly stifling","asses","an Egyptian","http://data.odeuropa.eu/source/ddda7a09-bc87-5442-ab6c-5be9adfd0d20/fragment/fa462107-eede-5f84-ae9c-b3ff6bc1b6bb","449 EXCURSION TO THE DEAD SEA .such peaceful scenes ; for many a bloody conflict has taken place Avithin its immediate vicinity , betAvixt that period Avhen the tramp of Christian and of Pagan hosts , fiercely contending for the glory of the Cross , caused the land to tremble from the Dan to the Beersheba of the Saracenic SAvay , from the shores of the Propontis to the confines of the Southern Desert , and that period , in the present century , Avhen the Egyptian pressed forward Avith his rod of iron , and smote the city of the patriarchs and her rebellious inhabitants , leaving her but a heap of reeking blood - stained ruins : for Ibrahim Pasha met the Hebronites during the rebellion of 1834 , and gaining a pitched battle nigh the Pools of Solomon , thus Avreaked a sanguinary vengeance on them and their city .Neither , it appears , can the inhabitants of these districts , Avhen at peace Avithout , contain their fierce spirits in quietude at home ; for they are continually contending Avith their immediate neigh - bours , loving the SAvord far better than the plough - share .","reeking","ruins","http://data.odeuropa.eu/source/ddda7a09-bc87-5442-ab6c-5be9adfd0d20/fragment/fe4b9197-fbe0-56bd-862a-7ca95989a0a9","Dr .Clarke informs us that there is much of the same kind of bituminous smell often discovered discovered in black marble , but not in so remarkable a degree as in this stinkstein .He also states that k k 2 500 EXCURSION TO THE DEAD SEA .","smell","the same kind of bituminous","in so remarkable","stinkstein","http://data.odeuropa.eu/source/ddda7a09-bc87-5442-ab6c-5be9adfd0d20/fragment/fe6adaa6-0fa3-5fc0-9957-175f0a738433","He also states that k k 2 500 EXCURSION TO THE DEAD SEA .many of the Gothic monuments in France are of fetid limestone ; but , I apprehend , it must be of a very different substance than that Ave are noAV speaking of , Avhich is not of a nature to withstand the variations of atmosphere , particularly after being subjected to the chisel , as it is both brittle and someAA ' hat porous .Upon the summit of Neby Musa is a rough stone building , in ruins , but of no antiquity .","limestone","fetid","of","http://data.odeuropa.eu/actor/e270542d-4772-51cd-aa91-fed93fe9da45","Dawson BORRER","A Journey from Naples to Jerusalem, by way of Athens, Egypt and the Peninsula of Sinai, including a trip to the Valley of Fayoum, together with a translation of M. Linant de Bellefond's “Mémoire sur le lac Mœris.” [With plates.]","1845","en","http://data.odeuropa.eu/time/6387bc23-9e59-5b99-bf83-08883c98157a","1845","1845","1845","https://sws.geonames.org/8365526/","Al-‘Āmrīyah Egyptian Co. for Spinning & Textile","http://data.odeuropa.eu/source/ddda7a09-bc87-5442-ab6c-5be9adfd0d20/fragment/fa41ed18-6c3e-5611-b370-16cdd947aaa2","peculiarly stifling"